0.000000 1.000000
0.010000 1.010151
0.020000 1.020404
0.030000 1.030761
0.040000 1.041221
0.050000 1.051786
0.060000 1.062458
0.070000 1.073237
0.080000 1.084124
0.090000 1.095121
0.100000 1.106228
0.110000 1.117447
0.120000 1.128778
0.130000 1.140224
0.140000 1.151784
0.150000 1.163461
0.160000 1.175255
0.170000 1.187167
0.180000 1.199199
0.190000 1.211353
0.200000 1.223628
0.210000 1.236027
0.220000 1.248550
0.230000 1.261199
0.240000 1.273975
0.250000 1.286880
0.260000 1.299914
0.270000 1.313080
0.280000 1.326377
0.290000 1.339809
0.300000 1.353375
0.310000 1.367078
0.320000 1.380918
0.330000 1.394897
0.340000 1.409017
0.350000 1.423279
0.360000 1.437684
0.370000 1.452234
0.380000 1.466931
0.390000 1.481775
0.400000 1.496768
0.410000 1.511911
0.420000 1.527207
0.430000 1.542657
0.440000 1.558262
0.450000 1.574024
0.460000 1.589944
0.470000 1.606024
0.480000 1.622266
0.490000 1.638671
0.500000 1.655241
0.510000 1.671977
0.520000 1.688882
0.530000 1.705957
0.540000 1.723203
0.550000 1.740622
0.560000 1.758217
0.570000 1.775988
0.580000 1.793938
0.590000 1.812069
0.600000 1.830381
0.610000 1.848878
0.620000 1.867560
0.630000 1.886431
0.640000 1.905491
0.650000 1.924742
0.660000 1.944187
0.670000 1.963828
0.680000 1.983665
0.690000 2.003703
0.700000 2.023941
0.710000 2.044383
0.720000 2.065030
0.730000 2.085885
0.740000 2.106950
0.750000 2.128226
0.760000 2.149716
0.770000 2.171422
0.780000 2.193346
0.790000 2.215491
0.800000 2.237858
0.810000 2.260450
0.820000 2.283269
0.830000 2.306317
0.840000 2.329597
0.850000 2.353111
0.860000 2.376861
0.870000 2.400850
0.880000 2.425079
0.890000 2.449553
0.900000 2.474272
0.910000 2.499240
0.920000 2.524459
0.930000 2.549931
0.940000 2.575659
0.950000 2.601646
0.960000 2.627894
0.970000 2.654406
0.980000 2.681184
0.990000 2.708232
1.000000 2.735551
1.010000 2.763145
1.020000 2.791016
1.030000 2.819167
1.040000 2.847601
1.050000 2.876321
1.060000 2.905329
1.070000 2.934629
1.080000 2.964224
1.090000 2.994116
1.100000 3.024308
1.110000 3.054804
1.120000 3.085606
1.130000 3.116718
1.140000 3.148143
1.150000 3.179883
1.160000 3.211942
1.170000 3.244324
1.180000 3.277031
1.190000 3.310067
1.200000 3.343434
1.210000 3.377138
1.220000 3.411179
1.230000 3.445563
1.240000 3.480293
1.250000 3.515371
1.260000 3.550802
1.270000 3.586590
1.280000 3.622736
1.290000 3.659247
1.300000 3.696124
1.310000 3.733371
1.320000 3.770993
1.330000 3.808993
1.340000 3.847375
1.350000 3.886143
1.360000 3.925301
1.370000 3.964851
1.380000 4.004800
1.390000 4.045150
1.400000 4.085905
1.410000 4.127070
1.420000 4.168649
1.430000 4.210646
1.440000 4.253064
1.450000 4.295909
1.460000 4.339185
1.470000 4.382896
1.480000 4.427045
1.490000 4.471639
1.500000 4.516681
1.510000 4.562175
1.520000 4.608127
1.530000 4.654540
1.540000 4.701420
1.550000 4.748771
1.560000 4.796598
1.570000 4.844906
1.580000 4.893699
1.590000 4.942982
1.600000 4.992761
1.610000 5.043040
1.620000 5.093825
1.630000 5.145119
1.640000 5.196930
1.650000 5.249261
1.660000 5.302118
1.670000 5.355506
1.680000 5.409431
1.690000 5.463897
1.700000 5.518911
1.710000 5.574478
1.720000 5.630604
1.730000 5.687293
1.740000 5.744553
1.750000 5.802387
1.760000 5.860803
1.770000 5.919806
1.780000 5.979402
1.790000 6.039597
1.800000 6.100397
1.810000 6.161808
1.820000 6.223836
1.830000 6.286488
1.840000 6.349769
1.850000 6.413687
1.860000 6.478246
1.870000 6.543455
1.880000 6.609319
1.890000 6.675844
1.900000 6.743039
1.910000 6.810908
1.920000 6.879460
1.930000 6.948701
1.940000 7.018637
1.950000 7.089277
1.960000 7.160626
1.970000 7.232693
1.980000 7.305484
1.990000 7.379006
2.000000 7.453267
2.010000 7.528275
2.020000 7.604036
2.030000 7.680559
2.040000 7.757851
2.050000 7.835920
2.060000 7.914773
2.070000 7.994419
2.080000 8.074865
2.090000 8.156120
2.100000 8.238191
2.110000 8.321087
2.120000 8.404817
2.130000 8.489387
2.140000 8.574808
2.150000 8.661087
2.160000 8.748234
2.170000 8.836256
2.180000 8.925163
2.190000 9.014963
2.200000 9.105666
2.210000 9.197281
2.220000 9.289816
2.230000 9.383281
2.240000 9.477686
2.250000 9.573039
2.260000 9.669351
2.270000 9.766630
2.280000 9.864888
2.290000 9.964132
2.300000 10.064374
2.310000 10.165624
2.320000 10.267891
2.330000 10.371186
2.340000 10.475520
2.350000 10.580901
2.360000 10.687342
2.370000 10.794853
2.380000 10.903444
2.390000 11.013126
2.400000 11.123911
2.410000 11.235809
2.420000 11.348832
2.430000 11.462991
2.440000 11.578297
2.450000 11.694761
2.460000 11.812397
2.470000 11.931214
2.480000 12.051226
2.490000 12.172444
2.500000 12.294880
2.510000 12.418546
2.520000 12.543456
2.530000 12.669621
2.540000 12.797054
2.550000 12.925767
2.560000 13.055774
2.570000 13.187088
2.580000 13.319721
2.590000 13.453688
2.600000 13.589001
2.610000 13.725673
2.620000 13.863720
2.630000 14.003153
2.640000 14.143988
2.650000 14.286239
2.660000 14.429919
2.670000 14.575043
2.680000 14.721626
2.690000 14.869682
2.700000 15.019225
2.710000 15.170272
2.720000 15.322837
2.730000 15.476935
2.740000 15.632582
2.750000 15.789793
2.760000 15.948584
2.770000 16.108971
2.780000 16.270970
2.790000 16.434597
2.800000 16.599868
2.810000 16.766801
2.820000 16.935411
2.830000 17.105715
2.840000 17.277732
2.850000 17.451477
2.860000 17.626968
2.870000 17.804223
2.880000 17.983259
2.890000 18.164095
2.900000 18.346748
2.910000 18.531237
2.920000 18.717580
2.930000 18.905796
2.940000 19.095904
2.950000 19.287922
2.960000 19.481869
2.970000 19.677766
2.980000 19.875632
2.990000 20.075487
3.000000 20.277350
3.010000 20.481242
3.020000 20.687182
3.030000 20.895193
3.040000 21.105294
3.050000 21.317507
3.060000 21.531853
3.070000 21.748352
3.080000 21.967028
3.090000 22.187901
3.100000 22.410994
3.110000 22.636329
3.120000 22.863929
3.130000 23.093817
3.140000 23.326014
3.150000 23.560546
3.160000 23.797434
3.170000 24.036703
3.180000 24.278377
3.190000 24.522480
3.200000 24.769036
3.210000 25.018070
3.220000 25.269607
3.230000 25.523672
3.240000 25.780290
3.250000 26.039487
3.260000 26.301289
3.270000 26.565723
3.280000 26.832813
3.290000 27.102589
3.300000 27.375075
3.310000 27.650300
3.320000 27.928292
3.330000 28.209077
3.340000 28.492683
3.350000 28.779141
3.360000 29.068477
3.370000 29.360721
3.380000 29.655902
3.390000 29.954050
3.400000 30.255194
3.410000 30.559365
3.420000 30.866593
3.430000 31.176908
3.440000 31.490342
3.450000 31.806926
3.460000 32.126692
3.470000 32.449672
3.480000 32.775898
3.490000 33.105402
3.500000 33.438218
3.510000 33.774378
3.520000 34.113917
3.530000 34.456869
3.540000 34.803267
3.550000 35.153147
3.560000 35.506543
3.570000 35.863491
3.580000 36.224026
3.590000 36.588184
3.600000 36.956003
3.610000 37.327518
3.620000 37.702766
3.630000 38.081787
3.640000 38.464616
3.650000 38.851293
3.660000 39.241856
3.670000 39.636344
3.680000 40.034797
3.690000 40.437254
3.700000 40.843756
3.710000 41.254344
3.720000 41.669058
3.730000 42.087940
3.740000 42.511032
3.750000 42.938376
3.760000 43.370015
3.770000 43.805992
3.780000 44.246350
3.790000 44.691134
3.800000 45.140389
3.810000 45.594158
3.820000 46.052488
3.830000 46.515424
3.840000 46.983013
3.850000 47.455301
3.860000 47.932336
3.870000 48.414165
3.880000 48.900836
3.890000 49.392399
3.900000 49.888902
3.910000 50.390395
3.920000 50.896928
3.930000 51.408551
3.940000 51.925317
3.950000 52.447276
3.960000 52.974481
3.970000 53.506984
3.980000 54.044839
3.990000 54.588100
4.000000 55.136820
4.010000 55.691056
4.020000 56.250861
4.030000 56.816293
4.040000 57.387407
4.050000 57.964261
4.060000 58.546912
4.070000 59.135420
4.080000 59.729842
4.090000 60.330237
4.100000 60.936667
4.110000 61.549192
4.120000 62.167873
4.130000 62.792771
4.140000 63.423950
4.150000 64.061472
4.160000 64.705402
4.170000 65.355803
4.180000 66.012741
4.190000 66.676281
4.200000 67.346490
4.210000 68.023434
4.220000 68.707182
4.230000 69.397802
4.240000 70.095362
4.250000 70.799933
4.260000 71.511585
4.270000 72.230390
4.280000 72.956418
4.290000 73.689744
4.300000 74.430439
4.310000 75.178578
4.320000 75.934236
4.330000 76.697489
4.340000 77.468413
4.350000 78.247084
4.360000 79.033582
4.370000 79.827983
4.380000 80.630369
4.390000 81.440818
4.400000 82.259413
4.410000 83.086235
4.420000 83.921367
4.430000 84.764892
4.440000 85.616894
4.450000 86.477459
4.460000 87.346673
4.470000 88.224623
4.480000 89.111396
4.490000 90.007081
4.500000 90.911768
4.510000 91.825548
4.520000 92.748511
4.530000 93.680750
4.540000 94.622358
4.550000 95.573430
4.560000 96.534060
4.570000 97.504344
4.580000 98.484380
4.590000 99.474265
4.600000 100.474099
4.610000 101.483982
4.620000 102.504014
4.630000 103.534297
4.640000 104.574935
4.650000 105.626032
4.660000 106.687692
4.670000 107.760022
4.680000 108.843130
4.690000 109.937122
4.700000 111.042110
4.710000 112.158203
4.720000 113.285512
4.730000 114.424152
4.740000 115.574234
4.750000 116.735876
4.760000 117.909192
4.770000 119.094300
4.780000 120.291318
4.790000 121.500367
4.800000 122.721567
4.810000 123.955041
4.820000 125.200910
4.830000 126.459302
4.840000 127.730340
4.850000 129.014152
4.860000 130.310867
4.870000 131.620614
4.880000 132.943524
4.890000 134.279730
4.900000 135.629364
4.910000 136.992563
4.920000 138.369462
4.930000 139.760199
4.940000 141.164914
4.950000 142.583746
4.960000 144.016837
4.970000 145.464331
4.980000 146.926373
4.990000 148.403109
5.000000 149.894686
5.010000 151.401254
5.020000 152.922963
5.030000 154.459965
5.040000 156.012414
5.050000 157.580466
5.060000 159.164277
5.070000 160.764006
5.080000 162.379812
5.090000 164.011857
5.100000 165.660305
5.110000 167.325319
5.120000 169.007068
5.130000 170.705718
5.140000 172.421440
5.150000 174.154405
5.160000 175.904787
5.170000 177.672761
5.180000 179.458503
5.190000 181.262192
5.200000 183.084008
5.210000 184.924134
5.220000 186.782753
5.230000 188.660052
5.240000 190.556218
5.250000 192.471441
5.260000 194.405912
5.270000 196.359825
5.280000 198.333375
5.290000 200.326760
5.300000 202.340178
5.310000 204.373832
5.320000 206.427924
5.330000 208.502660
5.340000 210.598248
5.350000 212.714896
5.360000 214.852818
5.370000 217.012225
5.380000 219.193335
5.390000 221.396366
5.400000 223.621538
5.410000 225.869072
5.420000 228.139195
5.430000 230.432133
5.440000 232.748116
5.450000 235.087374
5.460000 237.450143
5.470000 239.836657
5.480000 242.247157
5.490000 244.681882
5.500000 247.141077
5.510000 249.624987
5.520000 252.133861
5.530000 254.667949
5.540000 257.227506
5.550000 259.812786
5.560000 262.424049
5.570000 265.061556
5.580000 267.725570
5.590000 270.416357
5.600000 273.134188
5.610000 275.879333
5.620000 278.652067
5.630000 281.452668
5.640000 284.281416
5.650000 287.138592
5.660000 290.024484
5.670000 292.939380
5.680000 295.883570
5.690000 298.857351
5.700000 301.861018
5.710000 304.894873
5.720000 307.959218
5.730000 311.054361
5.740000 314.180610
5.750000 317.338279
5.760000 320.527682
5.770000 323.749140
5.780000 327.002974
5.790000 330.289510
5.800000 333.609076
5.810000 336.962003
5.820000 340.348629
5.830000 343.769290
5.840000 347.224330
5.850000 350.714094
5.860000 354.238930
5.870000 357.799192
5.880000 361.395234
5.890000 365.027418
5.900000 368.696105
5.910000 372.401664
5.920000 376.144464
5.930000 379.924879
5.940000 383.743289
5.950000 387.600074
5.960000 391.495621
5.970000 395.430318
5.980000 399.404560
5.990000 403.418743
6.000000 407.473270
6.010000 411.568546
6.020000 415.704979
6.030000 419.882985
6.040000 424.102980
6.050000 428.365387
6.060000 432.670631
6.070000 437.019145
6.080000 441.411361
6.090000 445.847720
6.100000 450.328665
6.110000 454.854644
6.120000 459.426111
6.130000 464.043521
6.140000 468.707337
6.150000 473.418025
6.160000 478.176056
6.170000 482.981906
6.180000 487.836056
6.190000 492.738991
6.200000 497.691201
6.210000 502.693182
6.220000 507.745433
6.230000 512.848461
6.240000 518.002775
6.250000 523.208890
6.260000 528.467328
6.270000 533.778614
6.280000 539.143279
6.290000 544.561860
6.300000 550.034899
6.310000 555.562942
6.320000 561.146544
6.330000 566.786261
6.340000 572.482659
6.350000 578.236306
6.360000 584.047779
6.370000 589.917657
6.380000 595.846530
6.390000 601.834988
6.400000 607.883631
6.410000 613.993064
6.420000 620.163898
6.430000 626.396750
6.440000 632.692243
6.450000 639.051006
6.460000 645.473677
6.470000 651.960896
6.480000 658.513313
6.490000 665.131583
6.500000 671.816367
6.510000 678.568335
6.520000 685.388161
6.530000 692.276528
6.540000 699.234124
6.550000 706.261644
6.560000 713.359793
6.570000 720.529279
6.580000 727.770820
6.590000 735.085139
6.600000 742.472969
6.610000 749.935047
6.620000 757.472120
6.630000 765.084943
6.640000 772.774275
6.650000 780.540887
6.660000 788.385554
6.670000 796.309062
6.680000 804.312202
6.690000 812.395775
6.700000 820.560589
6.710000 828.807461
6.720000 837.137216
6.730000 845.550686
6.740000 854.048712
6.750000 862.632146
6.760000 871.301844
6.770000 880.058674
6.780000 888.903512
6.790000 897.837241
6.800000 906.860757
6.810000 915.974960
6.820000 925.180762
6.830000 934.479085
6.840000 943.870857
6.850000 953.357017
6.860000 962.938516
6.870000 972.616310
6.880000 982.391367
6.890000 992.264665
6.900000 1002.237192
6.910000 1012.309944
6.920000 1022.483929
6.930000 1032.760165
6.940000 1043.139678
6.950000 1053.623507
6.960000 1064.212700
6.970000 1074.908317
6.980000 1085.711426
6.990000 1096.623108
7.000000 1107.644455
7.010000 1118.776568
7.020000 1130.020560
7.030000 1141.377556
7.040000 1152.848693
7.050000 1164.435116
7.060000 1176.137984
7.070000 1187.958468
7.080000 1199.897750
7.090000 1211.957024
7.100000 1224.137496
7.110000 1236.440383
7.120000 1248.866917
7.130000 1261.418339
7.140000 1274.095905
7.150000 1286.900883
7.160000 1299.834553
7.170000 1312.898208
7.180000 1326.093155
7.190000 1339.420714
7.200000 1352.882217
7.210000 1366.479011
7.220000 1380.212454
7.230000 1394.083921
7.240000 1408.094798
7.250000 1422.246487
7.260000 1436.540403
7.270000 1450.977975
7.280000 1465.560647
7.290000 1480.289877
7.300000 1495.167139
7.310000 1510.193920
7.320000 1525.371722
7.330000 1540.702063
7.340000 1556.186478
7.350000 1571.826513
7.360000 1587.623733
7.370000 1603.579718
7.380000 1619.696063
7.390000 1635.974380
7.400000 1652.416297
7.410000 1669.023458
7.420000 1685.797523
7.430000 1702.740171
7.440000 1719.853095
7.450000 1737.138007
7.460000 1754.596635
7.470000 1772.230726
7.480000 1790.042042
7.490000 1808.032364
7.500000 1826.203493
7.510000 1844.557244
7.520000 1863.095453
7.530000 1881.819975
7.540000 1900.732681
7.550000 1919.835463
7.560000 1939.130231
7.570000 1958.618915
7.580000 1978.303464
7.590000 1998.185845
7.600000 2018.268048
7.610000 2038.552080
7.620000 2059.039970
7.630000 2079.733766
7.640000 2100.635539
7.650000 2121.747378
7.660000 2143.071395
7.670000 2164.609722
7.680000 2186.364512
7.690000 2208.337942
7.700000 2230.532208
7.710000 2252.949530
7.720000 2275.592151
7.730000 2298.462333
7.740000 2321.562364
7.750000 2344.894555
7.760000 2368.461238
7.770000 2392.264770
7.780000 2416.307532
7.790000 2440.591927
7.800000 2465.120385
7.810000 2489.895358
7.820000 2514.919323
7.830000 2540.194784
7.840000 2565.724267
7.850000 2591.510325
7.860000 2617.555538
7.870000 2643.862510
7.880000 2670.433871
7.890000 2697.272278
7.900000 2724.380416
7.910000 2751.760996
7.920000 2779.416754
7.930000 2807.350458
7.940000 2835.564900
7.950000 2864.062902
7.960000 2892.847314
7.970000 2921.921014
7.980000 2951.286909
7.990000 2980.947937
8.000000 3010.907063
8.010000 3041.167283
8.020000 3071.731623
8.030000 3102.603140
8.040000 3133.784921
8.050000 3165.280084
8.060000 3197.091779
8.070000 3229.223186
8.080000 3261.677520
8.090000 3294.458025
8.100000 3327.567980
8.110000 3361.010695
8.120000 3394.789515
8.130000 3428.907818
8.140000 3463.369015
8.150000 3498.176554
8.160000 3533.333913
8.170000 3568.844611
8.180000 3604.712196
8.190000 3640.940257
8.200000 3677.532416
8.210000 3714.492332
8.220000 3751.823702
8.230000 3789.530258
8.240000 3827.615771
8.250000 3866.084050
8.260000 3904.938942
8.270000 3944.184332
8.280000 3983.824144
8.290000 4023.862344
8.300000 4064.302934
8.310000 4105.149958
8.320000 4146.407502
8.330000 4188.079691
8.340000 4230.170693
8.350000 4272.684716
8.360000 4315.626013
8.370000 4358.998876
8.380000 4402.807644
8.390000 4447.056698
8.400000 4491.750461
8.410000 4536.893405
8.420000 4582.490043
8.430000 4628.544934
8.440000 4675.062685
8.450000 4722.047947
8.460000 4769.505419
8.470000 4817.439847
8.480000 4865.856023
8.490000 4914.758790
8.500000 4964.153038
8.510000 5014.043707
8.520000 5064.435785
8.530000 5115.334311
8.540000 5166.744377
8.550000 5218.671122
8.560000 5271.119740
8.570000 5324.095475
8.580000 5377.603625
8.590000 5431.649541
8.600000 5486.238628
8.610000 5541.376344
8.620000 5597.068203
8.630000 5653.319774
8.640000 5710.136684
8.650000 5767.524612
8.660000 5825.489299
8.670000 5884.036541
8.680000 5943.172193
8.690000 6002.902167
8.700000 6063.232438
8.710000 6124.169038
8.720000 6185.718061
8.730000 6247.885662
8.740000 6310.678058
8.750000 6374.101528
8.760000 6438.162414
8.770000 6502.867123
8.780000 6568.222125
8.790000 6634.233956
8.800000 6700.909217
8.810000 6768.254575
8.820000 6836.276765
8.830000 6904.982590
8.840000 6974.378920
8.850000 7044.472694
8.860000 7115.270923
8.870000 7186.780686
8.880000 7259.009133
8.890000 7331.963489
8.900000 7405.651048
8.910000 7480.079180
8.920000 7555.255326
8.930000 7631.187005
8.940000 7707.881811
8.950000 7785.347412
8.960000 7863.591555
8.970000 7942.622065
8.980000 8022.446845
8.990000 8103.073877
9.000000 8184.511225
9.010000 8266.767031
9.020000 8349.849522
9.030000 8433.767006
9.040000 8518.527874
9.050000 8604.140604
9.060000 8690.613756
9.070000 8777.955977
9.080000 8866.176002
9.090000 8955.282653
9.100000 9045.284841
9.110000 9136.191566
9.120000 9228.011919
9.130000 9320.755082
9.140000 9414.430329
9.150000 9509.047027
9.160000 9604.614640
9.170000 9701.142723
9.180000 9798.640929
9.190000 9897.119009
9.200000 9996.586809
9.210000 10097.054278
9.220000 10198.531462
9.230000 10301.028508
9.240000 10404.555666
9.250000 10509.123290
9.260000 10614.741836
9.270000 10721.421866
9.280000 10829.174048
9.290000 10938.009158
9.300000 11047.938079
9.310000 11158.971803
9.320000 11271.121435
9.330000 11384.398190
9.340000 11498.813395
9.350000 11614.378492
9.360000 11731.105037
9.370000 11849.004704
9.380000 11968.089282
9.390000 12088.370680
9.400000 12209.860926
9.410000 12332.572170
9.420000 12456.516681
9.430000 12581.706856
9.440000 12708.155213
9.450000 12835.874398
9.460000 12964.877181
9.470000 13095.176464
9.480000 13226.785276
9.490000 13359.716779
9.500000 13493.984266
9.510000 13629.601164
9.520000 13766.581034
9.530000 13904.937574
9.540000 14044.684621
9.550000 14185.836149
9.560000 14328.406274
9.570000 14472.409252
9.580000 14617.859484
9.590000 14764.771515
9.600000 14913.160037
9.610000 15063.039888
9.620000 15214.426057
9.630000 15367.333682
9.640000 15521.778054
9.650000 15677.774618
9.660000 15835.338973
9.670000 15994.486877
9.680000 16155.234243
9.690000 16317.597148
9.700000 16481.591827
9.710000 16647.234679
9.720000 16814.542270
9.730000 16983.531331
9.740000 17154.218759
9.750000 17326.621625
9.760000 17500.757168
9.770000 17676.642803
9.780000 17854.296118
9.790000 18033.734878
9.800000 18214.977027
9.810000 18398.040691
9.820000 18582.944175
9.830000 18769.705970
9.840000 18958.344752
9.850000 19148.879385
9.860000 19341.328924
9.870000 19535.712612
9.880000 19732.049889
9.890000 19930.360388
9.900000 20130.663941
9.910000 20332.980578
9.920000 20537.330531
9.930000 20743.734236
9.940000 20952.212332
9.950000 21162.785667
9.960000 21375.475300
9.970000 21590.302500
9.980000 21807.288748
9.990000 22026.455745
10.000000 22247.825406
